1
3
5
20
21
22
40
52
56
73
78
117
130
197
208
266
274
294
299
303
312
318
342
371
375
378
381
392
405
409
419
428
433
434
440
464
467
472
477
489
514
516
517
522
537
543
551
565
576
583
585
596
607
613
630
702
712
715
719
721
765
776
777
791
798
802
810
829
834
837
838
851
855
863
874
884
892
895
910
936
940
947
952
958
960
961
975
976
977
989
1008
1010
1020
1031
1038
1045
1058
1071
1087
1094
1095
1124
1125
1134
1138
1151
1156
1176
1184
1188
1190
1198
1209
1216
1217
1218
1246
1259
1287
1290
1298
1302
1311
1328
1336
1378
1388
1405
1411
1418
1434
1435
1437
1447
1449
1454
1475
1476
1480
1519
1521
1536
1560
1562
1587
1595
1599
1620
1625
1654
1657
1667
1689
1693
1695
1704
1705
1706
1739
1746
1747
1754
1759
1768
1770
1783
1789
1794
1836
1843
1865
1867
1874
1880
1893
1911
1931
1968
1985
2021
2028
2032
2040
2049
2050
2075
2078
2080
2104
2105
2126
2135
2193
2201
2212
2223
2225
2234
2258
2285
2316
2367
2377
2385
2411
2412
2418
2420
2490
2491
2501
2502
2503
2513
2540
2542
2592
2600
2606
2607
2615
2621
2623
2625
2628
2632
2645
2687
2689
2708
2715
2717
2721
2737
2757
2813
2817
2829
2837
2863
2878
2885
2890
2891
2920
2938
2947
2948
2975
2997
2998
3017
3021
3041
3042
3050
3053
3087
3108
3112
3121
3141
3145
3159
3167
3169
3179
3188
3193
3197
3213
3217
3226
3230
3231
3251
3286
3320
3328
3335
3359
3365
3387
3401
3404
3413
3420
3427
3436
3444
3445
3447
3450
3451
3458
3462
3478
3487
3493
3510
3521
3526
3535
3541
3543
3551
3552
3563
3579
3587
3591
3599
3614
3624
3630
3645
3649
3653
3657
3667
3690
3692
3712
3717
3718
3721
3744
3773
3774
3802
3825
3826
3832
3837
3839
3846
3853
3869
3877
3884
3886
3919
3929
3944
3946
3958
3971
3988
3991
4000
4003
4004
4018
4028
4032
4036
4071
4074
4076
4078
4080
4139
4149
4153
4169
4171
4172
4202
4221
4222
4228
4229
4230
4283
4287
4293
4307
4311
4317
4340
4341
4345
4355
4359
4361
4388
4389
4402
4439
4451
4465
4489
4500
4508
4511
4523
4531
4566
4569
4596
4603
4624
4643
4663
4689
4691
4693
4694
4711
4718
4722
4727
4736
4752
4765
4771
4775
4790
4793
4802
4805
4806
4807
4823
4836
4858
4860
4862
4871
4875
4877
4920
4938
4961
4975
4977
4980
4984
5002
5011
5014
5028
5040
5101
5102
5113
5114
5155
5165
5166
5170
5176
5184
5194
5196
5199
5200
5209
5216
5230
5233
5250
5251
5253
5270
5309
5310
5318
5326
5336
5337
5342
5346
5380
5389
5395
5412
5451
5452
5453
5456
5476
5515
5520
5533
5536
5541
5553
5557
5607
5617
5629
5631
5632
5648
5661
5680
5682
5708
5716
5729
5742
5790
5805
5821
5832
5861
5873
5910
5916
5921
5922
5923
5928
5936
5939
5955
5958
5962
5966
5991
5997
6004
6011
6015
6019
6022
6035
6052
6069
6076
6079
6086
6101
6123
6147
6150
6163
6192
6207
6230
6236
6237
6240
6259
6289
6322
6340
6349
6354
6382
6385
6410
6417
6434
6438
6440
6443
6467
6490
6512
6517
6571
6572
6584
6592
6599
6607
6616
6623
6628
6645
6666
6669
6678
6682
6686
6688
6693
6706
6717
6719
6721
6722
6743
6752
6753
6755
6774
6776
6779
6786
6791
6796
6827
6829
6839
6855
6865
6875
6891
6931
6934
6938
6941
6948
6956
6959
6976
6984
6995
7001
7002
7003
7017
7024
7028
7033
7055
7080
7085
7090
7094
7113
7117
7125
7145
7147
7167
7204
7233
7259
7262
7275
7277
7278
7313
7357
7385
7393
7397
7414
7440
7441
7449
7455
7458
7459
7478
7492
7518
7524
7525
7535
7546
7560
7580
7597
7600
7606
7647
7681
7695
7719
7733
7734
7735
7752
7754
7755
7757
7789
7806
7807
7813
7820
7837
7838
7847
7888
7892
7894
7911
7930
7941
7944
7947
7954
7955
7959
7964
7986
7991
7993
8003
8005
8007
8022
8039
8066
8070
8072
8079
8087
8093
8097
8101
8122
8129
8151
8160
8183
8194
8203
8221
8241
8251
8257
8269
8291
8301
8302
8314
8320
8338
8351
8352
8353
8376
8387
8388
8391
8406
8407
8450
8459
8472
8484
8485
8489
8499
8500
8511
8512
8518
8523
8526
8538
8546
8568
8623
8638
8655
8663
8664
8670
8685
8687
8711
8719
8742
8774
8797
8798
8801
8827
8834
8864
8878
8880
8889
8891
8895
8917
8919
8924
8946
8960
8963
8991
9015
9046
9048
9049
9107
9113
9161
9169
9200
9229
9230
9237
9240
9241
9256
9259
9262
9266
9272
9312
9323
9347
9362
9366
9375
9379
9387
9402
9407
9411
9421
9458
9462
9487
9514
9520
9522
9529
9562
9583
9587
9616
9619
9656
9700
9703
9708
9709
9717
9719
9723
9724
9730
9731
9733
9738
9743
9758
9772
9784
9788
9792
9808
9810
9811
9812
9816
9825
9830
9832
9837
9838
9850
9858
9860
9862
9866
9910
9914
9927
9929
9933
9937
9940
9953
9976
9983
9984
9986
9995
9996
10012
10027
10035
10041
10043
10052
10056
10058
10059
10093
10097
10135
10141
10144
10145
10164
10173
10182
10190
10201
10212
10241
10257
10260
10265
10274
10281
10309
10319
10325
10332
10342
10365
10379
10398
10415
10426
10427
10439
10445
10449
10462
10468
10479
10489
10493
10496
10497
10548
10549
10555
10567
10577
10585
10596
10604
10614
10616
10618
10642
10643
10646
10649
10676
10678
10685
10696
10708
10726
10737
10794
10800
10808
10813
10814
10815
10820
10838
10839
10850
10899
10914
10917
10926
10939
10944
10945
10958
10972
10984
10996
11015
11029
11039
11092
11151
11165
11173
11178
11179
11191
11195
11214
11228
11233
11271
11277
11299
11301
11313
11321
11322
11324
11342
11376
11379
11393
11407
11411
11426
11431
11435
11476
11480
11495
11503
11541
11543
11547
11579
11580
11582
11583
11589
11611
11614
11639
11645
11660
11662
11664
11698
11700
11704
11706
11707
11721
11744
11747
11795
11796
11798
11810
11823
11826
11852
11854
11875
11884
11902
11907
11924
11965
11968
11974
11978
11979
11997
12012
12024
12051
12053
12054
12055
12061
12062
12112
12128
12143
12144
12146
12169
12188
12191
12195
12196
12197
12198
12214
12227
12260
12280
12299
12312
12331
12354
12361
12379
12392
12405
12419
12423
12425
12438
12445
12463
12467
12475
12485
12502
12505
12509
12512
12517
12526
12528
12546
12553
12555
12610
12611
12639
12653
12659
12660
12668
12673
12678
12689
12705
12725
12737
12747
12761
12764
12771
12776
12796
12841
12854
12866
12876
12883
12900
12905
12908
12935
12945
12954
12981
12996
13000
13005
13020
13026
13034
13050
13052
13061
13074
13075
13088
13093
13103
13121
13123
13147
13161
13164
13169
13171
13177
13181
13191
13198
13211
13215
13227
13233
13256
13263
13278
13283
13286
13316
13321
13328
13330
13334
13339
13347
13351
13379
13391
13398
13411
13419
13421
13431
13446
13461
13465
13471
13504
13527
13539
13553
13559
13575
13578
13608
13621
13626
13635
13638
13642
13653
13670
13683
13718
13740
13756
13760
13780
13783
13797
13801
13802
13805
13817
13822
13825
13851
13863
13877
13885
13900
13907
13914
13918
13920
13929
13962
13969
13972
13981
13993
14006
14014
14015
14044
14054
14067
14080
14087
14097
14100
14106
14107
14129
14136
14137
14188
14202
14207
14229
14232
14265
14283
14289
14290
14294
14321
14322
14334
14335
14337
14356
14369
14407
14416
14448
14451
14467
14469
14473
14474
14481
14488
14496
14501
14504
14514
14516
14524
14529
14531
14536
14543
14547
14553
14603
14610
14622
14623
14650
14663
14696
14701
14718
14725
14729
14733
14737
14744
14752
14769
14782
14784
14795
14797
14814
14815
14821
14828
14841
14846
14847
14870
14879
14882
14885
14900
14903
14944
14945
14961
14975
14981
14989
14994
14999
15011
15045
15052
15082
15084
15086
15093
15094
15127
15130
15134
15140
15146
15168
15177
15197
15206
15213
15215
15218
15249
15257
15329
15362
15365
15370
15376
15380
15381
15408
15419
15420
15423
15426
15431
15432
15441
15442
15443
15456
15464
15465
15486
15492
15513
15533
15566
15573
15603
15610
15618
15625
15653
15690
15698
15713
15729
15744
15747
15753
15755
15763
15766
15777
15779
15789
15797
15801
15805
15837
15846
15854
15857
15869
15885
15923
15938
15941
15963
15968
15970
15975
15980
15982
15991
16002
16013
16029
16040
16044
16050
16057
16074
16076
16084
16101
16103
16113
16121
16150
16155
16166
16186
16201
16218
16231
16258
16272
16279
16292
16296
16327
16358
16374
16379
16382
16384
16388
16394
16410
16415
16427
16438
16442
16445
16449
16463
16471
16495
16500
16513
16526
16537
16544
16552
16567
16569
16586
16596
16599
16637
16644
16645
16650
16651
16663
16678
16693
16708
16709
16710
16716
16728
16732
16756
16757
16773
16781
16782
16794
16796
16802
16811
16839
16870
16884
16908
16921
16932
16949
16950
16970
16975
16994
17021
17032
17047
17058
17059
17062
17093
17098
17124
17128
17131
17141
17155
17206
17226
17227
17228
17230
17235
17251
17257
17260
17286
17308
17318
17331
17339
17348
17350
17363
17374
17399
17415
17421
17430
17435
17451
17462
17475
17476
17496
17506
17510
17529
17530
17536
17546
17562
17571
17574
17585
17594
17607
17617
17656
17668
17679
17685
17688
17689
17697
17707
17708
17711
17714
17763
17776
17783
17788
17802
17806
17807
17813
17822
17841
17869
17876
17884
17889
17901
17912
17943
17953
17977
17987
17992
18016
18021
18028
18029
18042
18063
18066
18070
18090
18100
18113
18116
18133
18146
18153
18155
18168
18175
18182
18250
18257
18264
18271
18282
18296
18316
18347
18348
18349
18376
18380
18381
18385
18399
18415
18418
18434
18458
18462
18482
18502
18513
18514
18529
18535
18542
18545
18556
18560
18574
18596
18609
18612
18615
18628
18633
18644
18671
18676
18692
18698
18699
18716
18726
18727
18734
18764
18771
18797
18834
18863
18867
18868
18877
18881
18882
18884
18894
18912
18921
18927
18938
18951
18965
18976
18994
19016
19030
19042
19048
19072
19083
19087
19103
19111
19118
19123
19132
19159
19165
19192
19194
19202
19211
19219
19242
19244
19248
19251
19255
19264
19270
19274
19280
19303
19307
19312
19319
19359
19374
19402
19404
19424
19425
19433
19441
19470
19487
19508
19544
19549
19551
19552
19563
19575
19576
19578
19620
19630
19645
19646
19651
19654
19660
19664
19674
19681
19696
19713
19716
19722
19730
19738
19745
19749
19755
19780
19782
19784
19800
19802
19833
19842
19846
19851
19865
19867
19883
19888
19890
19902
19916
19917
19925
19929
19933
19937
19939
19943
19947
19956
19972
19973
19990
19997
20001
20011
20019
20021
20057
20060
20077
20078
20090
20110
20121
20148
20161
20165
20167
20174
20177
20181
20202
20212
20214
20219
20222
20235
20244
20274
20275
20289
20290
20292
20307
20308
20315
20327
20332
20335
20337
20349
20357
20370
20384
20390
20403
20408
20427
20436
20440
20445
20490
20495
20497
20502
20512
20519
20543
20563
20573
20581
20603
20628
20632
20650
20658
20659
20676
20679
20692
20694
20695
20701
20741
20752
20757
20759
20798
20826
20830
20843
20857
20866
20869
20880
20891
20896
20898
20905
20908
20915
20922
20929
20936
20946
20952
20962
20970
20972
20995
21001
21012
21014
21015
21017
21035
21044
21051
21054
21055
21063
21064
21098
21127
21135
21151
21167
21195
21197
21203
21205
21207
21209
21210
21227
21229
21248
21295
21310
21330
21352
21355
21356
21357
21374
21378
21395
21398
21400
21405
21406
21409
21419
21425
21434
21455
21485
21488
21499
21503
21506
21520
21540
21544
21555
21558
21568
21584
21592
21626
21629
21642
21648
21653
21656
21658
21660
21669
21675
21684
21686
21688
21691
21696
21697
21705
21744
21753
21755
21757
21763
21770
21778
21832
21844
21846
21847
21860
21870
21878
21905
21916
21923
21926
21939
21941
21956
21957
21962
21963
21964
21966
21980
21994
22001
22017
22044
22051
22055
22073
22089
22101
22106
22110
22114
22121
22138
22146
22151
22176
22183
22201
22229
22242
22248
22257
22274
22278
22311
22318
22325
22356
22366
22367
22369
22383
22385
22393
22396
22412
22413
22418
22419
22421
22430
22431
22442
22448
22451
22470
22491
22498
22515
22519
22527
22529
22531
22537
22540
22542
22544
22549
22551
22556
22569
22577
22587
22602
22675
22696
22719
22728
22738
22759
22760
22766
22775
22776
22787
22789
22809
22819
22834
22850
22854
22861
22863
22877
22880
22885
22892
22901
22902
22908
22916
22947
22948
22949
22952
22957
22976
22996
23000
23016
23018
23027
23028
23037
23041
23047
23048
23055
23069
23111
23114
23134
23139
23145
23173
23206
23215
23231
23258
23260
23263
23271
23272
23274
23277
23279
23281
23294
23296
23301
23302
23309
23310
23312
23313
23315
23328
23338
23347
23348
23361
23373
23381
23390
23399
23414
23429
23432
23433
23434
23439
23451
23461
23469
23531
23544
23562
23568
23594
23603
23613
23619
23622
23639
23651
23653
23654
23658
23667
23672
23681
23698
23701
23712
23722
23726
23727
23738
23741
23744
23771
23782
23800
23809
23822
23830
23851
23867
23877
23889
23891
23902
23904
23906
23911
23917
23948
23954
23967
23968
23973
23982
23987
24019
24077
24091
24099
24100
24123
24127
24131
24139
24147
24148
24150
24154
24160
24162
24169
24175
24176
24178
24195
24200
24203
24204
24214
24244
24258
24261
24265
24289
24294
24308
24310
24311
24312
24336
24337
24339
24353
24355
24361
24366
24373
24374
24380
24394
24403
24407
24438
24453
24473
24475
24479
24511
24518
24526
24529
24540
24554
24568
24581
24582
24585
24595
24605
24616
24622
24636
24645
24648
24659
24660
24668
24673
24674
24683
24692
24706
24710
24712
24718
24725
24731
24742
24752
24762
24767
24770
24811
24838
24846
24857
24881
24893
24896
24909
24932
24940
24959
24967
24976
24977
24987
24993
25005
25016
25027
25056
25066
25085
25088
25098
25105
25113
25114
25120
25125
25132
25134
25140
25145
25157
25167
25190
25204
25205
25206
25216
25222
25234
25270
25328
25332
25357
25378
25406
25410
25418
25420
25427
25446
25449
25452
25454
25463
25473
25483
25487
25507
25514
25517
25522
25525
25531
25536
25553
25561
25583
25585
25594
25599
25610
25611
25613
25638
25639
25642
25646
25656
25671
25681
25703
25714
25729
25731
25733
25739
25767
25782
25784
25786
25793
25796
25801
25815
25818
25821
25846
25849
25869
25876
25906
25907
25941
25942
25943
25948
25950
25956
25988
26008
26026
26041
26056
26096
26100
26106
26110
26111
26112
26123
26133
26140
26155
26164
26167
26168
26174
26183
26189
26194
26207
26213
26228
26264
26288
26305
26318
26335
26336
26338
26354
26374
26394
26398
26408
26417
26438
26449
26461
26465
26506
26510
26522
26540
26548
26549
26553
26561
26566
26593
26626
26630
26673
26687
26710
26713
26726
26744
26753
26754
26760
26765
26778
26787
26798
26801
26807
26834
26842
26843
26854
26860
26862
26870
26877
26882
26889
26892
26896
26897
26899
26917
26932
26934
26937
26944
26949
26953
26976
26989
26994
26995
27013
27022
27030
27031
27037
27068
27076
27078
27080
27085
27101
27104
27115
27122
27126
27131
27139
27140
27158
27166
27171
27194
27223
27227
27238
27249
27250
27252
27253
27258
27262
27263
27267
27274
27292
27294
27302
27327
27345
27346
27348
27356
27361
27367
27370
27400
27409
27417
27424
27429
27433
27434
27439
27471
27477
27485
27497
27519
27530
27536
27545
27558
27599
27646
27655
27671
27681
27687
27696
27726
27741
27742
27753
27755
27763
27766
27795
27819
27820
27831
27836
27845
27863
27882
27890
27899
27906
27921
27923
27924
27945
27949
27983
27991
28003
28009
28023
28047
28069
28081
28089
28108
28117
28120
28123
28129
28135
28141
28142
28151
28158
28172
28183
28185
28207
28209
28216
28224
28226
28227
28234
28245
28256
28262
28273
28276
28278
28310
28318
28324
28326
28345
28359
28362
28391
28396
28412
28415
28428
28430
28437
28471
28473
28496
28499
28501
28525
28530
28531
28539
28545
28561
28588
28591
28607
28614
28622
28623
28640
28641
28661
28670
28685
28688
28713
28718
28720
28721
28730
28738
28742
28749
28752
28755
28760
28764
28777
28780
28785
28805
28821
28836
28853
28869
28870
28876
28881
28886
28900
28906
28911
28915
28919
28952
28964
28965
28994
28995
28998
29016
29018
29024
29046
29055
29059
29062
29088
29113
29142
29144
29150
29158
29178
29194
29208
29222
29228
29229
29231
29233
29249
29251
29254
29262
29264
29290
29298
29301
29326
29363
29364
29408
29416
29424
29428
29434
29441
29442
29447
29456
29481
29501
29525
29527
29555
29569
29582
29583
29586
29609
29615
29631
29678
29713
29739
29748
29768
29789
29791
29792
29796
29813
29814
29842
29848
29852
29858
29864
29873
29883
29885
29886
29893
29906
29908
29915
29924
29945
29947
29956
29957
29974
29995
30000
30002
30003
30005
30006
30015
30027
30035
30041
30049
30051
30052
30065
30067
30071
30073
30075
30076
30077
30079
30085
30086
30092
30097
30104
30106
30115
30116
30118
30120
30131
30144
30145
30154
30157
30158
30169
30174
30177
30183
30187
30191
30192
30196
30200
30204
30208
30223
30224
30226
30228
30231
30239
30254
30259
30267
30271
30274
30278
30284
30286
30300
30307
30313
30320
30340
30347
30349
30350
30359
30362
30363
30365
30370
30372
30374
30390
30392
30393
30399
30401
30402
30411
30421
30426
30465
30472
30478
30483
30488
30495
30497
30508
30514
30515
30518
30523
30527
30529
30532
30535
30540
30549
30551
30558
30564
30577
30605
30610
30611
30612
30617
30632
30638
30641
30644
30650
30651
30652
30653
30655
30661
30686
30690
30691
30692
30699
30716
30719
30720
30726
30742
30745
30750
30759
30761
30766
30775
30780
30782
30783
30785
30786
30791
30796
30798
30801
30804
30805
30811
30814
30824
30825
30837
30847
30848
30852
30853
30854
30858
30864
30868
30871
30880
30893
30902
30908
30911
30919
30936
30944
30965
30968
30970
31004
31006
31008
31010
31011
31014
31028
31036
31054
31060
31061
31070
31091
31095
31105
31109
31114
31123
31126
31132
31133
31145
31150
31152
31154
31169
31171
31179
31180
31181
31182
31185
31195
31201
31220
31224
31234
31237
31245
31250
31261
31263
31271
31275
31285
31292
31293
31305
31313
31314
31315
31320
31326
31335
31338
31344
31350
31351
31355
31356
31358
31371
31372
31373
31387
31410
31412
31414
31427
31434
31435
31436
31438
31444
31445
31466
31468
31488
31491
31492
31494
31495
31506
31514
31517
31530
31533
31538
31545
31555
31570
31577
31601
31603
31625
31629
31653
31660
31662
31665
31679
31684
31688
31701
31713
31714
31729
31732
31750
31751
31777
31782
31820
31829
31834
31838
31845
31846
31850
31859
31865
31878
31881
31883
31886
31896
31909
31913
31924
31951
31952
31958
31961
31968
31983
31985
31986
31997
32003
32028
32053
32061
32071
32084
32096
32104
32115
32135
32141
32145
32156
32170
32175
32206
32207
32209
32226
32240
32263
32272
32281
32290
32292
32302
32306
32317
32327
32335
32342
32344
32349
32350
32351
32352
32385
32387
32388
32391
32395
32402
32404
32406
32412
32416
32419
32430
32432
32435
32437
32438
32439
32440
32443
32448
32449
32451
32456
32459
32467
32471
32473
32477
32487
32488
32495
32498
32513
32522
32524
32531
32535
32538
32542
32543
32544
32572
32586
32591
32593
32615
32617
32622
32625
32627
32633
32643
32663
32691
32695
32699
32703
32711
32729
32749
32751
32755
32762
32772
32774
32781
32783
32789
32796
32799
32801
32807
32815
32822
32833
32844
32868
32873
32875
32889
32890
32918
32920
32923
32929
32937
32942
32957
32965
32969
32972
32993
32995
32997
33000
33003
33006
33014
33036
33039
33049
33059
33065
33078
33095
33097
33107
33110
33114
33118
33125
33128
33132
33140
33157
33185
33192
33197
33202
33205
33207
33225
33230
33247
33290
33292
33300
33330
33334
33353
33406
33411
33416
33446
33450
33474
33485
33501
33522
33523
33524
33541
33543
33546
33548
33554
33559
33562
33581
33582
33591
33595
33597
33619
33625
33626
33634
33646
33647
33648
33650
33659
33667
33670
33672
33675
33695
33698
33703
33704
33719
33720
33723
33727
33731
33734
33735
33737
33744
33750
33754
33760
33775
33780
33781
33785
33788
33796
33810
33814
33816
33817
33819
33820
33827
33831
33844
33889
33891
33892
33893
33895
33899
33901
33904
33920
33933
33937
33943
33946
33952
33963
33971
33972
33974
33976
33983
33985
33995
34000
34003
34005
34006
34011
34027
34036
34085
34099
34114
34119
34122
34123
34126
34128
34141
34151
34155
34165
34170
34172
34174
34176
34181
34188
34194
34195
34199
34203
34215
34216
34223
34232
34239
34242
34244
34246
34252
34255
34258
34264
34268
34272
34277
34280
34288
34297
34300
34305
34307
34315
34321
34335
34337
34341
34350
34362
34377
34418
34420
34427
34440
34451
34455
34467
34471
34476
34485
34487
34494
34512
34515
34541
34550
34553
34554
34568
34569
34577
34583
34585
34587
34596
34598
34601
34608
34621
34637
34644
34647
34648
34658
34660
34665
34667
34673
34686
34696
34721
34727
34733
34745
34749
34764
34781
34806
34809
34813
34833
34839
34849
34857
34863
34866
34870
34882
34885
34904
34907
34916
34919
34925
34946
34951
34960
34975
34976
34980
34981
34985
35037
35052
35055
35060
35083
35090
35093
35116
35120
35125
35126
35129
35151
35154
35155
35167
35169
35185
35195
35210
35214
35238
35240
35247
35267
35278
35302
35303
35335
35340
35346
35349
35350
35366
35384
35415
35426
35433
35435
35457
35463
35471
35475
35486
35493
35504
35506
35526
35530
35533
35558
35568
35570
35586
35589
35590
35604
35609
35623
35654
35656
35686
35695
35708
35713
35717
35721
35734
35738
35746
35747
35748
35750
35761
35786
35787
35791
35808
35825
35831
35840
35849
35868
35872
35880
35887
35913
35918
35919
35933
35958
35962
35983
35988
35990
36004
36013
36014
36029
36040
36043
36046
36047
36055
36064
36069
36082
36084
36087
36097
36110
36121
36123
36124
36131
36154
36158
36159
36165
36184
36207
36213
36229
36233
36266
36283
36298
36318
36335
36355
36359
36366
36370
36371
36377
36382
36393
36394
36411
36419
36432
36442
36445
36449
36481
36482
36487
36490
36523
36524
36542
36547
36548
36549
36551
36556
36566
36572
36622
36644
36650
36669
36676
36679
36681
36686
36689
36692
36696
36709
36710
36717
36723
36730
36749
36751
36758
36765
36791
36793
36794
36804
36821
36841
36845
36850
36851
36857
36858
36859
36860
36872
36919
36932
36953
36954
36960
36966
36968
36974
36976
36999
37007
37009
37010
37016
37021
37022
37023
37041
37061
37088
37098
37105
37145
37154
37157
37159
37167
37168
37169
37172
37179
37208
37229
37245
37250
37265
37279
37285
37291
37298
37304
37311
37312
37318
37334
37352
37373
37377
37416
37421
37431
37438
37442
37448
37460
37473
37483
37494
37503
37527
37537
37564
37565
37566
37571
37577
37587
37624
37635
37652
37656
37659
37673
37742
37747
37755
37759
37794
37813
37815
37829
37839
37868
37869
37906
37931
37934
37944
37985
38005
38009
38010
38019
38020
38023
38041
38059
38066
38070
38075
38100
38112
38114
38118
38133
38142
38157
38166
38199
38202
38215
38234
38243
38246
38253
38282
38286
38289
38297
38298
38303
38309
38320
38327
38346
38350
38351
38355
38362
38366
38397
38400
38418
38431
38434
38436
38444
38447
38457
38478
38479
38492
38498
38501
38519
38521
38532
38540
38546
38556
38567
38592
38603
38627
38629
38641
38652
38658
38663
38667
38668
38691
38733
38739
38740
38759
38780
38784
38791
38801
38808
38824
38832
38840
38843
38845
38866
38871
38873
38879
38884
38885
38889
38892
38910
38922
38927
38929
38941
38957
38973
38990
38994
39018
39023
39044
39052
39060
39061
39063
39079
39131
39139
39148
39153
39159
39169
39189
39193
39195
39205
39233
39238
39245
39247
39264
39276
39277
39284
39292
39301
39303
39309
39311
39313
39337
39347
39359
39367
39385
39394
39399
39400
39420
39424
39425
39434
39443
39445
39460
39462
39467
39480
39484
39486
39489
39491
39494
39509
39510
39516
39533
39536
39552
39585
39589
39599
39604
39608
39616
39618
39625
39627
39640
39641
39651
39678
39680
39681
39686
39692
39699
39707
39708
